[gd_scene load_steps=4 format=2]

[ext_resource path="res://enemy.gltf" type="PackedScene" id=1]
[ext_resource path="res://enemy.gd" type="Script" id=2]

[sub_resource type="BoxShape" id=1]
extents = Vector3( 0.167724, 2.40534, 0.189247 )

[node name="enemy" instance=ExtResource( 1 )]
script = ExtResource( 2 )

[node name="Bone003" parent="Armature001/Bone/Bone001" index="0"]
transform = Transform( 0.426897, 0.893773, -0.137582, -0.893773, 0.393869, -0.214563, -0.137581, 0.214563, 0.966972, -3.56126e-09, 0.0886612, -1.46106e-08 )

[node name="Area" type="Area" parent="Armature001/Bone/Bone001" index="1"]
transform = Transform( 0.38138, 0.250309, 0.889886, -0.919145, 1.11759e-07, 0.39392, 0.0986013, -0.968166, 0.23007, 4.83957, 4.81891, -3.10233 )

[node name="CollisionShape" type="CollisionShape" parent="Armature001/Bone/Bone001/Area" index="0"]
shape = SubResource( 1 )

[node name="Timer" type="Timer" parent="." index="3"]
wait_time = 3.0
autostart = true

[node name="AudioStreamPlayer" type="AudioStreamPlayer" parent="." index="4"]

[node name="DirectionalLight" type="DirectionalLight" parent="." index="5"]
transform = Transform( 0.725934, -0.370392, 0.579507, 0.2099, 0.921711, 0.326176, -0.654951, -0.115144, 0.746847, 8.37583, 25.2489, -0.304911 )

[connection signal="timeout" from="Timer" to="." method="_on_Timer_timeout"]
